timestamp,long_percent,short_percent,ratio
2020-05-16T00:00:00,53.19,46.81,1.14
2020-05-17T00:00:00,52.1,47.9,1.09
2020-05-18T00:00:00,52.65,47.35,1.11
2020-05-19T00:00:00,52.81,47.19,1.12
2020-05-20T00:00:00,53.05,46.95,1.13
2020-05-21T00:00:00,51.97,48.03,1.08
2020-05-22T00:00:00,52.16,47.84,1.09
2020-05-23T00:00:00,51.83,48.17,1.08
2020-05-24T00:00:00,52.38,47.62,1.1
2020-05-25T00:00:00,52.11,47.89,1.09
2020-05-26T00:00:00,51.65,48.35,1.07
2020-05-27T00:00:00,52.23,47.77,1.09
2020-05-28T00:00:00,51.87,48.13,1.08
2020-05-29T00:00:00,51.87,48.13,1.08
2020-05-30T00:00:00,52.61,47.39,1.11
2020-05-31T00:00:00,52.54,47.46,1.11
2020-06-01T00:00:00,52.92,47.08,1.12
2020-06-02T00:00:00,54.29,45.71,1.19
2020-06-03T00:00:00,53.73,46.27,1.16
2020-06-04T00:00:00,52.97,47.03,1.13
2020-06-05T00:00:00,53.21,46.79,1.14
2020-06-06T00:00:00,52.94,47.06,1.13
2020-06-07T00:00:00,52.94,47.06,1.13
2020-06-08T00:00:00,52.88,47.12,1.12
2020-06-09T00:00:00,53.13,46.87,1.13
2020-06-10T00:00:00,53.42,46.58,1.15
2020-06-11T00:00:00,53.38,46.62,1.15
2020-06-12T00:00:00,52.6,47.4,1.11
2020-06-13T00:00:00,51.79,48.21,1.07
2020-06-14T00:00:00,51.9,48.1,1.08
2020-06-15T00:00:00,51.86,48.14,1.08
2020-06-16T00:00:00,52.23,47.77,1.09
2020-06-17T00:00:00,52.37,47.63,1.1
2020-06-18T00:00:00,52.37,47.63,1.1
2020-06-19T00:00:00,51.63,48.37,1.07
2020-06-20T00:00:00,51.83,48.17,1.08
2020-06-21T00:00:00,51.83,48.17,1.08
2020-06-22T00:00:00,51.81,48.19,1.08
2020-06-23T00:00:00,51.94,48.06,1.08
2020-06-24T00:00:00,53.46,46.54,1.15
2020-06-25T00:00:00,52.21,47.79,1.09
2020-06-26T00:00:00,51.76,48.24,1.07
2020-06-27T00:00:00,52.17,47.83,1.09
2020-06-28T00:00:00,51.45,48.55,1.06
2020-06-29T00:00:00,51.75,48.25,1.07
2020-06-30T00:00:00,51.71,48.29,1.07
2020-07-01T00:00:00,52.16,47.84,1.09
2020-07-02T00:00:00,51.71,48.29,1.07
2020-07-03T00:00:00,52.45,47.55,1.1
2020-07-04T00:00:00,52.18,47.82,1.09
2020-07-05T00:00:00,52.39,47.61,1.1
2020-07-06T00:00:00,52.2,47.8,1.09
2020-07-07T00:00:00,51.99,48.01,1.08
2020-07-08T00:00:00,51.92,48.08,1.08
2020-07-09T00:00:00,51.72,48.28,1.07
2020-07-10T00:00:00,52.67,47.33,1.11
2020-07-11T00:00:00,52.36,47.64,1.1
2020-07-12T00:00:00,52.29,47.71,1.1
2020-07-13T00:00:00,52.28,47.72,1.1
2020-07-14T00:00:00,52.45,47.55,1.1
2020-07-15T00:00:00,52.38,47.62,1.1
2020-07-16T00:00:00,52.38,47.62,1.1
2020-07-17T00:00:00,52.5,47.5,1.11
2020-07-18T00:00:00,51.97,48.03,1.08
2020-07-19T00:00:00,52.16,47.84,1.09
2020-07-20T00:00:00,52.49,47.51,1.11
2020-07-21T00:00:00,52.38,47.62,1.1
2020-07-22T00:00:00,51.55,48.45,1.06
2020-07-23T00:00:00,52.01,47.99,1.08
2020-07-24T00:00:00,52.93,47.07,1.12
2020-07-25T00:00:00,52.57,47.43,1.11
2020-07-26T00:00:00,52.38,47.62,1.1
2020-07-27T00:00:00,54.28,45.72,1.19
2020-07-28T00:00:00,56.27,43.73,1.29
2020-07-29T00:00:00,58.32,41.68,1.4
2020-07-30T00:00:00,57.47,42.53,1.35
2020-07-31T00:00:00,57.47,42.53,1.35
2020-08-01T00:00:00,55.95,44.05,1.27
2020-08-02T00:00:00,55.95,44.05,1.27
2020-08-03T00:00:00,57.7,42.3,1.36
2020-08-04T00:00:00,56.58,43.42,1.3
2020-08-05T00:00:00,56.03,43.97,1.27
2020-08-06T00:00:00,55.39,44.61,1.24
2020-08-07T00:00:00,55.05,44.95,1.23
2020-08-08T00:00:00,54.2,45.8,1.18
2020-08-09T00:00:00,55.41,44.59,1.24
2020-08-10T00:00:00,55.05,44.95,1.23
2020-08-11T00:00:00,55.56,44.44,1.25
2020-08-12T00:00:00,55.56,44.44,1.25
2020-08-13T00:00:00,54.31,45.69,1.19
2020-08-14T00:00:00,55.43,44.57,1.24
2020-08-15T00:00:00,54.66,45.34,1.21
2020-08-16T00:00:00,54.66,45.34,1.21
2020-08-17T00:00:00,53.89,46.11,1.17
2020-08-18T00:00:00,54.22,45.78,1.18
2020-08-19T00:00:00,55.2,44.8,1.23
2020-08-20T00:00:00,54.93,45.07,1.22
2020-08-21T00:00:00,54.93,45.07,1.22
2020-08-22T00:00:00,54.98,45.02,1.22
2020-08-23T00:00:00,54.9,45.1,1.22
2020-08-24T00:00:00,55.11,44.89,1.23
2020-08-25T00:00:00,54.65,45.35,1.21
2020-08-26T00:00:00,55.43,44.57,1.24
2020-08-27T00:00:00,55.52,44.48,1.25
2020-08-28T00:00:00,54.95,45.05,1.22
2020-08-29T00:00:00,54.95,45.05,1.22
2020-08-30T00:00:00,54.24,45.76,1.19
2020-08-31T00:00:00,54.24,45.76,1.19
2020-09-01T00:00:00,55.16,44.84,1.23
2020-09-02T00:00:00,55.47,44.53,1.25
2020-09-03T00:00:00,56.05,43.95,1.28
2020-09-04T00:00:00,56.05,43.95,1.28
2020-09-05T00:00:00,55.43,44.57,1.24
2020-09-06T00:00:00,55.83,44.17,1.26
2020-09-07T00:00:00,55.83,44.17,1.26
2020-09-08T00:00:00,55.95,44.05,1.27
2020-09-09T00:00:00,55.54,44.46,1.25
2020-09-10T00:00:00,54.7,45.3,1.21
2020-09-11T00:00:00,54.56,45.44,1.2
2020-09-12T00:00:00,55.0,45.0,1.22
2020-09-13T00:00:00,54.31,45.69,1.19
2020-09-14T00:00:00,53.55,46.45,1.15
2020-09-15T00:00:00,52.53,47.47,1.11
2020-09-16T00:00:00,52.85,47.15,1.12
2020-09-17T00:00:00,52.93,47.07,1.12
2020-09-18T00:00:00,53.35,46.65,1.14
2020-09-19T00:00:00,52.73,47.27,1.12
2020-09-20T00:00:00,52.64,47.36,1.11
2020-09-21T00:00:00,52.81,47.19,1.12
2020-09-22T00:00:00,53.61,46.39,1.16
2020-09-23T00:00:00,53.49,46.51,1.15
2020-09-24T00:00:00,52.66,47.34,1.11
2020-09-25T00:00:00,52.66,47.34,1.11
2020-09-26T00:00:00,53.05,46.95,1.13
2020-09-27T00:00:00,53.07,46.93,1.13
2020-09-28T00:00:00,53.07,46.93,1.13
2020-09-29T00:00:00,53.43,46.57,1.15
2020-09-30T00:00:00,53.43,46.57,1.15
2020-10-01T00:00:00,52.81,47.19,1.12
2020-10-02T00:00:00,52.81,47.19,1.12
2020-10-03T00:00:00,52.81,47.19,1.12
2020-10-04T00:00:00,52.15,47.85,1.09
2020-10-05T00:00:00,52.15,47.85,1.09
2020-10-06T00:00:00,51.67,48.33,1.07
2020-10-07T00:00:00,51.67,48.33,1.07
2020-10-08T00:00:00,52.11,47.89,1.09
2020-10-09T00:00:00,52.11,47.89,1.09
2020-10-10T00:00:00,53.94,46.06,1.17
2020-10-11T00:00:00,55.08,44.92,1.23
2020-10-12T00:00:00,54.7,45.3,1.21
2020-10-13T00:00:00,54.7,45.3,1.21
2020-10-14T00:00:00,54.32,45.68,1.19
2020-10-15T00:00:00,54.32,45.68,1.19
2020-10-16T00:00:00,53.37,46.63,1.15
2020-10-17T00:00:00,54.5,45.5,1.2
2020-10-18T00:00:00,53.35,46.65,1.14
2020-10-19T00:00:00,52.91,47.09,1.12
2020-10-20T00:00:00,52.6,47.4,1.11
2020-10-21T00:00:00,51.74,48.26,1.07
2020-10-22T00:00:00,54.12,45.88,1.18
2020-10-23T00:00:00,54.12,45.88,1.18
2020-10-24T00:00:00,54.39,45.61,1.19
2020-10-25T00:00:00,53.79,46.21,1.16
2020-10-26T00:00:00,53.79,46.21,1.16
2020-10-27T00:00:00,51.38,48.62,1.06
2020-10-28T00:00:00,51.96,48.04,1.08
2020-10-29T00:00:00,50.9,49.1,1.04
2020-10-30T00:00:00,51.12,48.88,1.05
2020-10-31T00:00:00,51.09,48.91,1.05
2020-11-01T00:00:00,51.09,48.91,1.05
2020-11-02T00:00:00,51.68,48.32,1.07
2020-11-03T00:00:00,51.68,48.32,1.07
2020-11-04T00:00:00,51.42,48.58,1.06
2020-11-05T00:00:00,51.97,48.03,1.08
2020-11-06T00:00:00,54.41,45.59,1.19
2020-11-07T00:00:00,56.42,43.58,1.3
2020-11-08T00:00:00,55.25,44.75,1.24
2020-11-09T00:00:00,54.4,45.6,1.19
2020-11-10T00:00:00,53.56,46.44,1.15
2020-11-11T00:00:00,53.81,46.19,1.17
2020-11-12T00:00:00,54.48,45.52,1.2
2020-11-13T00:00:00,53.19,46.81,1.14
2020-11-14T00:00:00,52.98,47.02,1.13
2020-11-15T00:00:00,52.84,47.16,1.12
2020-11-16T00:00:00,52.93,47.07,1.12
2020-11-17T00:00:00,52.55,47.45,1.11
2020-11-18T00:00:00,54.07,45.93,1.18
2020-11-19T00:00:00,56.63,43.37,1.31
2020-11-20T00:00:00,56.63,43.37,1.31
2020-11-21T00:00:00,55.02,44.98,1.22
2020-11-22T00:00:00,55.91,44.09,1.27
2020-11-23T00:00:00,56.02,43.98,1.27
2020-11-24T00:00:00,56.02,43.98,1.27
2020-11-25T00:00:00,56.48,43.52,1.3
2020-11-26T00:00:00,55.65,44.35,1.26
2020-11-27T00:00:00,55.6,44.4,1.25
2020-11-28T00:00:00,52.5,47.5,1.11
2020-11-29T00:00:00,53.2,46.8,1.14
2020-11-30T00:00:00,53.69,46.31,1.16
2020-12-01T00:00:00,54.98,45.02,1.22
2020-12-02T00:00:00,56.19,43.81,1.28
2020-12-03T00:00:00,55.36,44.64,1.24
2020-12-04T00:00:00,55.75,44.25,1.26
2020-12-05T00:00:00,54.26,45.74,1.19
2020-12-06T00:00:00,54.83,45.17,1.21
2020-12-07T00:00:00,55.27,44.73,1.24
2020-12-08T00:00:00,54.81,45.19,1.21
2020-12-09T00:00:00,54.13,45.87,1.18
2020-12-10T00:00:00,51.51,48.49,1.06
2020-12-11T00:00:00,53.18,46.82,1.14
2020-12-12T00:00:00,52.69,47.31,1.11
2020-12-13T00:00:00,51.48,48.52,1.06
2020-12-14T00:00:00,51.88,48.12,1.08
2020-12-15T00:00:00,51.59,48.41,1.07
2020-12-16T00:00:00,51.7,48.3,1.07
2020-12-17T00:00:00,54.84,45.16,1.21
2020-12-18T00:00:00,55.82,44.18,1.26
2020-12-19T00:00:00,55.33,44.67,1.24
2020-12-20T00:00:00,55.98,44.02,1.27
2020-12-21T00:00:00,54.93,45.07,1.22
2020-12-22T00:00:00,55.14,44.86,1.23
2020-12-23T00:00:00,54.96,45.04,1.22
2020-12-24T00:00:00,51.31,48.69,1.05
2020-12-25T00:00:00,53.41,46.59,1.15
2020-12-26T00:00:00,54.88,45.12,1.22
2020-12-27T00:00:00,55.06,44.94,1.23
2020-12-28T00:00:00,54.66,45.34,1.21
2020-12-29T00:00:00,54.26,45.74,1.19
2020-12-30T00:00:00,54.95,45.05,1.22
2020-12-31T00:00:00,54.28,45.72,1.19
2021-01-01T00:00:00,54.97,45.03,1.22
2021-01-02T00:00:00,54.24,45.76,1.19
2021-01-03T00:00:00,54.54,45.46,1.2
2021-01-04T00:00:00,54.6,45.4,1.2
2021-01-05T00:00:00,54.9,45.1,1.22
2021-01-06T00:00:00,55.82,44.18,1.26
2021-01-07T00:00:00,54.34,45.66,1.19
2021-01-08T00:00:00,54.39,45.61,1.19
2021-01-09T00:00:00,59.58,40.42,1.47
2021-01-10T00:00:00,57.93,42.07,1.38
2021-01-11T00:00:00,60.21,39.79,1.51
2021-01-12T00:00:00,56.2,43.8,1.28
2021-01-13T00:00:00,56.27,43.73,1.29
2021-01-14T00:00:00,52.41,47.59,1.1
2021-01-15T00:00:00,53.56,46.44,1.15
2021-01-16T00:00:00,52.69,47.31,1.11
2021-01-17T00:00:00,52.66,47.34,1.11
2021-01-18T00:00:00,54.06,45.94,1.18
2021-01-19T00:00:00,53.98,46.02,1.17
2021-01-20T00:00:00,53.57,46.43,1.15
2021-01-21T00:00:00,54.12,45.88,1.18
2021-01-22T00:00:00,51.21,48.79,1.05
2021-01-23T00:00:00,50.39,49.61,1.02
2021-01-24T00:00:00,50.32,49.68,1.01
2021-01-25T00:00:00,50.35,49.65,1.01
2021-01-26T00:00:00,51.9,48.1,1.08
2021-01-27T00:00:00,53.62,46.38,1.16
2021-01-28T00:00:00,53.58,46.42,1.15
2021-01-29T00:00:00,52.46,47.54,1.1
2021-01-30T00:00:00,55.8,44.2,1.26
2021-01-31T00:00:00,56.77,43.23,1.31
2021-02-01T00:00:00,55.11,44.89,1.23
2021-02-02T00:00:00,56.73,43.27,1.31
2021-02-03T00:00:00,57.49,42.51,1.35
2021-02-04T00:00:00,58.33,41.67,1.4
2021-02-05T00:00:00,58.37,41.63,1.4
2021-02-06T00:00:00,56.85,43.15,1.32
2021-02-07T00:00:00,58.26,41.74,1.4
2021-02-08T00:00:00,56.67,43.33,1.31
2021-02-09T00:00:00,58.69,41.31,1.42
2021-02-10T00:00:00,58.23,41.77,1.39
2021-02-11T00:00:00,57.9,42.1,1.38
2021-02-12T00:00:00,58.64,41.36,1.42
2021-02-13T00:00:00,58.58,41.42,1.41
2021-02-14T00:00:00,57.6,42.4,1.36
2021-02-15T00:00:00,57.71,42.29,1.37
2021-02-16T00:00:00,58.84,41.16,1.43
2021-02-17T00:00:00,58.05,41.95,1.38
2021-02-18T00:00:00,57.79,42.21,1.37
2021-02-19T00:00:00,56.72,43.28,1.31
2021-02-20T00:00:00,56.72,43.28,1.31
2021-02-21T00:00:00,57.4,42.6,1.35
2021-02-22T00:00:00,57.08,42.92,1.33
2021-02-23T00:00:00,56.11,43.89,1.28
2021-02-24T00:00:00,56.64,43.36,1.31
2021-02-25T00:00:00,55.94,44.06,1.27
2021-02-26T00:00:00,55.39,44.61,1.24
2021-02-27T00:00:00,55.1,44.9,1.23
2021-02-28T00:00:00,55.35,44.65,1.24
2021-03-01T00:00:00,56.81,43.19,1.32
2021-03-02T00:00:00,55.77,44.23,1.26
2021-03-03T00:00:00,55.93,44.07,1.27
2021-03-04T00:00:00,55.27,44.73,1.24
2021-03-05T00:00:00,55.48,44.52,1.25
2021-03-06T00:00:00,56.27,43.73,1.29
2021-03-07T00:00:00,55.59,44.41,1.25
2021-03-08T00:00:00,56.95,43.05,1.32
2021-03-09T00:00:00,58.27,41.73,1.4
2021-03-10T00:00:00,56.4,43.6,1.29
2021-03-11T00:00:00,56.94,43.06,1.32
2021-03-12T00:00:00,54.65,45.35,1.21
2021-03-13T00:00:00,53.84,46.16,1.17
2021-03-14T00:00:00,56.37,43.63,1.29
2021-03-15T00:00:00,55.9,44.1,1.27
2021-03-16T00:00:00,54.49,45.51,1.2
2021-03-17T00:00:00,54.7,45.3,1.21
2021-03-18T00:00:00,54.93,45.07,1.22
2021-03-19T00:00:00,55.58,44.42,1.25
2021-03-20T00:00:00,55.58,44.42,1.25
2021-03-21T00:00:00,55.73,44.27,1.26
2021-03-22T00:00:00,54.99,45.01,1.22
2021-03-23T00:00:00,54.21,45.79,1.18
2021-03-24T00:00:00,55.3,44.7,1.24
2021-03-25T00:00:00,52.7,47.3,1.11
2021-03-26T00:00:00,54.13,45.87,1.18
2021-03-27T00:00:00,52.96,47.04,1.13
2021-03-28T00:00:00,53.87,46.13,1.17
2021-03-29T00:00:00,53.76,46.24,1.16
2021-03-30T00:00:00,55.35,44.65,1.24
2021-03-31T00:00:00,56.33,43.67,1.29
2021-04-01T00:00:00,57.09,42.91,1.33
2021-04-02T00:00:00,56.03,43.97,1.27
2021-04-03T00:00:00,56.18,43.82,1.28
2021-04-04T00:00:00,55.8,44.2,1.26
2021-04-05T00:00:00,55.11,44.89,1.23
2021-04-06T00:00:00,56.24,43.76,1.29
2021-04-07T00:00:00,56.05,43.95,1.28
2021-04-08T00:00:00,55.2,44.8,1.23
2021-04-09T00:00:00,54.88,45.12,1.22
2021-04-10T00:00:00,54.82,45.18,1.21
2021-04-11T00:00:00,55.01,44.99,1.22
2021-04-12T00:00:00,55.77,44.23,1.26
2021-04-13T00:00:00,54.93,45.07,1.22
2021-04-14T00:00:00,55.03,44.97,1.22
2021-04-15T00:00:00,55.11,44.89,1.23
2021-04-16T00:00:00,55.69,44.31,1.26
2021-04-17T00:00:00,55.51,44.49,1.25
2021-04-18T00:00:00,55.22,44.78,1.23
2021-04-19T00:00:00,54.08,45.92,1.18
2021-04-20T00:00:00,53.59,46.41,1.16
2021-04-21T00:00:00,53.77,46.23,1.16
2021-04-22T00:00:00,53.14,46.86,1.13
2021-04-23T00:00:00,53.74,46.26,1.16
2021-04-24T00:00:00,53.95,46.05,1.17
2021-04-25T00:00:00,54.97,45.03,1.22
2021-04-26T00:00:00,53.48,46.52,1.15
2021-04-27T00:00:00,53.88,46.12,1.17
2021-04-28T00:00:00,54.73,45.27,1.21
2021-04-29T00:00:00,55.71,44.29,1.26
2021-04-30T00:00:00,54.57,45.43,1.2
2021-05-01T00:00:00,53.64,46.36,1.16
2021-05-02T00:00:00,54.67,45.33,1.21
2021-05-03T00:00:00,54.62,45.38,1.2
2021-05-04T00:00:00,55.01,44.99,1.22
2021-05-05T00:00:00,54.81,45.19,1.21
2021-05-06T00:00:00,55.37,44.63,1.24
2021-05-07T00:00:00,55.18,44.82,1.23
2021-05-08T00:00:00,55.48,44.52,1.25
2021-05-09T00:00:00,55.41,44.59,1.24
2021-05-10T00:00:00,55.52,44.48,1.25
2021-05-11T00:00:00,55.93,44.07,1.27
2021-05-12T00:00:00,55.13,44.87,1.23
2021-05-13T00:00:00,55.13,44.87,1.23
2021-05-14T00:00:00,54.31,45.69,1.19
2021-05-15T00:00:00,55.12,44.88,1.23
2021-05-16T00:00:00,55.07,44.93,1.23
2021-05-17T00:00:00,53.78,46.22,1.16
2021-05-18T00:00:00,53.28,46.72,1.14
2021-05-19T00:00:00,53.4,46.6,1.15
2021-05-20T00:00:00,54.83,45.17,1.21
2021-05-21T00:00:00,57.56,42.44,1.36
2021-05-22T00:00:00,53.44,46.56,1.15
2021-05-23T00:00:00,56.85,43.15,1.32
2021-05-24T00:00:00,53.71,46.29,1.16
2021-05-25T00:00:00,53.44,46.56,1.15
2021-05-26T00:00:00,54.23,45.77,1.19
2021-05-27T00:00:00,52.27,47.73,1.1
2021-05-28T00:00:00,54.07,45.93,1.18
2021-05-29T00:00:00,53.83,46.17,1.17
2021-05-30T00:00:00,53.24,46.76,1.14
2021-05-31T00:00:00,54.32,45.68,1.19
2021-06-01T00:00:00,53.11,46.89,1.13
2021-06-02T00:00:00,53.52,46.48,1.15
2021-06-03T00:00:00,53.01,46.99,1.13
2021-06-04T00:00:00,53.95,46.05,1.17
2021-06-05T00:00:00,53.55,46.45,1.15
2021-06-06T00:00:00,52.76,47.24,1.12
2021-06-07T00:00:00,52.31,47.69,1.1
2021-06-08T00:00:00,52.94,47.06,1.13
2021-06-09T00:00:00,52.61,47.39,1.11
2021-06-10T00:00:00,52.62,47.38,1.11
2021-06-11T00:00:00,52.72,47.28,1.12
2021-06-12T00:00:00,51.99,48.01,1.08
2021-06-13T00:00:00,52.68,47.32,1.11
2021-06-14T00:00:00,52.12,47.88,1.09
2021-06-15T00:00:00,52.47,47.53,1.1
2021-06-16T00:00:00,52.21,47.79,1.09
2021-06-17T00:00:00,52.03,47.97,1.09
2021-06-18T00:00:00,51.28,48.72,1.05
2021-06-19T00:00:00,51.78,48.22,1.07
2021-06-20T00:00:00,51.64,48.36,1.07
2021-06-21T00:00:00,51.37,48.63,1.06
2021-06-22T00:00:00,52.32,47.68,1.1
2021-06-23T00:00:00,52.99,47.01,1.13
2021-06-24T00:00:00,51.99,48.01,1.08
2021-06-25T00:00:00,52.5,47.5,1.11
2021-06-26T00:00:00,51.22,48.78,1.05
2021-06-27T00:00:00,51.88,48.12,1.08
2021-06-28T00:00:00,52.5,47.5,1.11
2021-06-29T00:00:00,52.46,47.54,1.1
2021-06-30T00:00:00,53.06,46.94,1.13
2021-07-01T00:00:00,52.25,47.75,1.09
2021-07-02T00:00:00,52.54,47.46,1.11
2021-07-03T00:00:00,52.3,47.7,1.1
2021-07-04T00:00:00,52.12,47.88,1.09
2021-07-05T00:00:00,51.68,48.32,1.07
2021-07-06T00:00:00,52.11,47.89,1.09
2021-07-07T00:00:00,52.11,47.89,1.09
2021-07-08T00:00:00,52.11,47.89,1.09
2021-07-09T00:00:00,52.11,47.89,1.09
2021-07-10T00:00:00,52.33,47.67,1.1
2021-07-11T00:00:00,52.07,47.93,1.09
2021-07-12T00:00:00,52.05,47.95,1.09
2021-07-13T00:00:00,51.58,48.42,1.07
2021-07-14T00:00:00,51.96,48.04,1.08
2021-07-15T00:00:00,51.34,48.66,1.06
2021-07-16T00:00:00,51.21,48.79,1.05
2021-07-17T00:00:00,51.91,48.09,1.08
2021-07-18T00:00:00,51.28,48.72,1.05
2021-07-19T00:00:00,51.26,48.74,1.05
2021-07-20T00:00:00,51.47,48.53,1.06
2021-07-21T00:00:00,51.66,48.34,1.07
2021-07-22T00:00:00,51.59,48.41,1.07
2021-07-23T00:00:00,52.39,47.61,1.1
2021-07-24T00:00:00,51.11,48.89,1.05
2021-07-25T00:00:00,51.1,48.9,1.05
2021-07-26T00:00:00,50.23,49.77,1.01
2021-07-27T00:00:00,50.82,49.18,1.03
2021-07-28T00:00:00,50.19,49.81,1.01
2021-07-29T00:00:00,50.73,49.27,1.03
2021-07-30T00:00:00,50.2,49.8,1.01
2021-07-31T00:00:00,50.34,49.66,1.01
2021-08-01T00:00:00,51.05,48.95,1.04
2021-08-02T00:00:00,50.49,49.51,1.02
2021-08-03T00:00:00,50.08,49.92,1.0
2021-08-04T00:00:00,49.8,50.2,0.99
2021-08-05T00:00:00,50.51,49.49,1.02
2021-08-06T00:00:00,50.41,49.59,1.02
2021-08-07T00:00:00,49.98,50.02,1.0
2021-08-08T00:00:00,50.67,49.33,1.03
2021-08-09T00:00:00,50.81,49.19,1.03
2021-08-10T00:00:00,50.42,49.58,1.02
2021-08-11T00:00:00,50.5,49.5,1.02
2021-08-12T00:00:00,51.96,48.04,1.08
2021-08-13T00:00:00,52.25,47.75,1.09
2021-08-14T00:00:00,52.41,47.59,1.1
2021-08-15T00:00:00,52.53,47.47,1.11
2021-08-16T00:00:00,52.51,47.49,1.11
2021-08-17T00:00:00,52.27,47.73,1.1
2021-08-18T00:00:00,51.96,48.04,1.08
2021-08-19T00:00:00,52.63,47.37,1.11
2021-08-20T00:00:00,52.52,47.48,1.11
2021-08-21T00:00:00,53.25,46.75,1.14
2021-08-22T00:00:00,53.07,46.93,1.13
2021-08-23T00:00:00,52.83,47.17,1.12
2021-08-24T00:00:00,52.7,47.3,1.11
2021-08-25T00:00:00,52.82,47.18,1.12
2021-08-26T00:00:00,52.64,47.36,1.11
2021-08-27T00:00:00,52.35,47.65,1.1
2021-08-28T00:00:00,52.05,47.95,1.09
2021-08-29T00:00:00,53.28,46.72,1.14
2021-08-30T00:00:00,53.26,46.74,1.14
2021-08-31T00:00:00,53.08,46.92,1.13
2021-09-01T00:00:00,53.57,46.43,1.15
2021-09-02T00:00:00,53.89,46.11,1.17
2021-09-03T00:00:00,53.87,46.13,1.17
2021-09-04T00:00:00,53.57,46.43,1.15
2021-09-05T00:00:00,53.11,46.89,1.13
2021-09-06T00:00:00,53.29,46.71,1.14
2021-09-07T00:00:00,53.3,46.7,1.14
2021-09-08T00:00:00,52.59,47.41,1.11
2021-09-09T00:00:00,52.74,47.26,1.12
2021-09-10T00:00:00,52.67,47.33,1.11
2021-09-11T00:00:00,53.27,46.73,1.14
2021-09-12T00:00:00,53.29,46.71,1.14
2021-09-13T00:00:00,53.28,46.72,1.14
2021-09-14T00:00:00,53.37,46.63,1.15
2021-09-15T00:00:00,53.09,46.91,1.13
2021-09-16T00:00:00,52.04,47.96,1.09
2021-09-17T00:00:00,52.41,47.59,1.1
2021-09-18T00:00:00,52.66,47.34,1.11
2021-09-19T00:00:00,52.5,47.5,1.11
2021-09-20T00:00:00,52.52,47.48,1.11
2021-09-21T00:00:00,52.36,47.64,1.1
2021-09-22T00:00:00,52.56,47.44,1.11
2021-09-23T00:00:00,52.53,47.47,1.11
2021-09-24T00:00:00,52.64,47.36,1.11
2021-09-25T00:00:00,53.25,46.75,1.14
2021-09-26T00:00:00,52.88,47.12,1.12
2021-09-27T00:00:00,52.44,47.56,1.1
2021-09-28T00:00:00,52.35,47.65,1.1
2021-09-29T00:00:00,52.08,47.92,1.09
2021-09-30T00:00:00,51.81,48.19,1.08
2021-10-01T00:00:00,52.22,47.78,1.09
2021-10-02T00:00:00,52.48,47.52,1.1
2021-10-03T00:00:00,52.48,47.52,1.1
2021-10-04T00:00:00,52.72,47.28,1.12
2021-10-05T00:00:00,53.01,46.99,1.13
2021-10-06T00:00:00,52.38,47.62,1.1
2021-10-07T00:00:00,52.76,47.24,1.12
2021-10-08T00:00:00,53.8,46.2,1.17
2021-10-09T00:00:00,53.1,46.9,1.13
2021-10-10T00:00:00,52.96,47.04,1.13
2021-10-11T00:00:00,52.32,47.68,1.1
2021-10-12T00:00:00,52.78,47.22,1.12
2021-10-13T00:00:00,52.85,47.15,1.12
2021-10-14T00:00:00,52.86,47.14,1.12
2021-10-15T00:00:00,53.12,46.88,1.13
2021-10-16T00:00:00,53.2,46.8,1.14
2021-10-17T00:00:00,54.33,45.67,1.19
2021-10-18T00:00:00,54.21,45.79,1.18
2021-10-19T00:00:00,53.37,46.63,1.15
2021-10-20T00:00:00,53.35,46.65,1.14
2021-10-21T00:00:00,54.02,45.98,1.18
2021-10-22T00:00:00,53.76,46.24,1.16
2021-10-23T00:00:00,53.15,46.85,1.13
2021-10-24T00:00:00,53.77,46.23,1.16
2021-10-25T00:00:00,53.36,46.64,1.14
2021-10-26T00:00:00,53.64,46.36,1.16
2021-10-27T00:00:00,52.65,47.35,1.11
2021-10-28T00:00:00,53.55,46.45,1.15
2021-10-29T00:00:00,53.8,46.2,1.17
2021-10-30T00:00:00,53.58,46.42,1.15
2021-10-31T00:00:00,53.68,46.32,1.16
2021-11-01T00:00:00,53.43,46.57,1.15
2021-11-02T00:00:00,53.68,46.32,1.16
2021-11-03T00:00:00,54.2,45.8,1.18
2021-11-04T00:00:00,54.11,45.89,1.18
2021-11-05T00:00:00,53.89,46.11,1.17
2021-11-06T00:00:00,53.35,46.65,1.14
2021-11-07T00:00:00,53.74,46.26,1.16
2021-11-08T00:00:00,53.88,46.12,1.17
2021-11-09T00:00:00,53.84,46.16,1.17
2021-11-10T00:00:00,54.05,45.95,1.18
2021-11-11T00:00:00,54.58,45.42,1.2
2021-11-12T00:00:00,53.84,46.16,1.17
2021-11-13T00:00:00,53.87,46.13,1.17
2021-11-14T00:00:00,53.35,46.65,1.14
2021-11-15T00:00:00,53.4,46.6,1.15
2021-11-16T00:00:00,53.51,46.49,1.15
2021-11-17T00:00:00,52.33,47.67,1.1
2021-11-18T00:00:00,52.36,47.64,1.1
2021-11-19T00:00:00,52.4,47.6,1.1
2021-11-20T00:00:00,52.03,47.97,1.09
2021-11-21T00:00:00,52.74,47.26,1.12
2021-11-22T00:00:00,52.57,47.43,1.11
2021-11-23T00:00:00,52.38,47.62,1.1
2021-11-24T00:00:00,52.69,47.31,1.11
2021-11-25T00:00:00,53.05,46.95,1.13
2021-11-26T00:00:00,53.39,46.61,1.15
2021-11-27T00:00:00,52.47,47.53,1.1
2021-11-28T00:00:00,52.24,47.76,1.09
2021-11-29T00:00:00,53.08,46.92,1.13
2021-11-30T00:00:00,53.77,46.23,1.16
2021-12-01T00:00:00,53.15,46.85,1.13
2021-12-02T00:00:00,53.21,46.79,1.14
2021-12-03T00:00:00,52.93,47.07,1.12
2021-12-04T00:00:00,52.02,47.98,1.08
2021-12-05T00:00:00,50.42,49.58,1.02
2021-12-06T00:00:00,53.2,46.8,1.14
2021-12-07T00:00:00,52.38,47.62,1.1
2021-12-08T00:00:00,52.65,47.35,1.11
2021-12-09T00:00:00,51.45,48.55,1.06
2021-12-10T00:00:00,51.97,48.03,1.08
2021-12-11T00:00:00,51.9,48.1,1.08
2021-12-12T00:00:00,52.42,47.58,1.1
2021-12-13T00:00:00,52.44,47.56,1.1
2021-12-14T00:00:00,51.52,48.48,1.06
2021-12-15T00:00:00,51.71,48.29,1.07
2021-12-16T00:00:00,52.35,47.65,1.1
2021-12-17T00:00:00,52.27,47.73,1.1
2021-12-18T00:00:00,50.68,49.32,1.03
2021-12-19T00:00:00,50.96,49.04,1.04
2021-12-20T00:00:00,51.83,48.17,1.08
2021-12-21T00:00:00,50.86,49.14,1.04
2021-12-22T00:00:00,52.66,47.34,1.11
2021-12-23T00:00:00,52.55,47.45,1.11
2021-12-24T00:00:00,52.55,47.45,1.11
2021-12-25T00:00:00,52.83,47.17,1.12
2021-12-26T00:00:00,53.08,46.92,1.13
2021-12-27T00:00:00,53.38,46.62,1.15
2021-12-28T00:00:00,53.76,46.24,1.16
2021-12-29T00:00:00,52.59,47.41,1.11
2021-12-30T00:00:00,52.2,47.8,1.09
2021-12-31T00:00:00,51.7,48.3,1.07
2022-01-01T00:00:00,51.97,48.03,1.08
2022-01-02T00:00:00,52.8,47.2,1.12
2022-01-03T00:00:00,53.47,46.53,1.15
2022-01-04T00:00:00,52.68,47.32,1.11
2022-01-05T00:00:00,52.76,47.24,1.12
2022-01-06T00:00:00,52.44,47.56,1.1
2022-01-07T00:00:00,52.43,47.57,1.1
2022-01-08T00:00:00,52.23,47.77,1.09
2022-01-09T00:00:00,53.86,46.14,1.17
2022-01-10T00:00:00,53.29,46.71,1.14
2022-01-11T00:00:00,52.81,47.19,1.12
2022-01-12T00:00:00,52.55,47.45,1.11
2022-01-13T00:00:00,52.27,47.73,1.1
2022-01-14T00:00:00,51.73,48.27,1.07
2022-01-15T00:00:00,52.6,47.4,1.11
2022-01-16T00:00:00,52.6,47.4,1.11
2022-01-17T00:00:00,52.04,47.96,1.09
2022-01-18T00:00:00,52.3,47.7,1.1
2022-01-19T00:00:00,52.84,47.16,1.12
2022-01-20T00:00:00,53.84,46.16,1.17
2022-01-21T00:00:00,53.92,46.08,1.17
2022-01-22T00:00:00,53.42,46.58,1.15
2022-01-23T00:00:00,54.79,45.21,1.21
2022-01-24T00:00:00,53.27,46.73,1.14
2022-01-25T00:00:00,55.93,44.07,1.27
2022-01-26T00:00:00,54.64,45.36,1.21
2022-01-27T00:00:00,53.42,46.58,1.15
2022-01-28T00:00:00,52.31,47.69,1.1
2022-01-29T00:00:00,52.66,47.34,1.11
2022-01-30T00:00:00,53.21,46.79,1.14
2022-01-31T00:00:00,53.01,46.99,1.13
2022-02-01T00:00:00,52.58,47.42,1.11
2022-02-02T00:00:00,52.39,47.61,1.1
2022-02-03T00:00:00,52.28,47.72,1.1
2022-02-04T00:00:00,52.12,47.88,1.09
2022-02-05T00:00:00,52.7,47.3,1.11
2022-02-06T00:00:00,53.56,46.44,1.15
2022-02-07T00:00:00,53.2,46.8,1.14
2022-02-08T00:00:00,53.85,46.15,1.17
2022-02-09T00:00:00,53.69,46.31,1.16
2022-02-10T00:00:00,53.31,46.69,1.14
2022-02-11T00:00:00,53.4,46.6,1.15
2022-02-12T00:00:00,53.18,46.82,1.14
2022-02-13T00:00:00,52.74,47.26,1.12
2022-02-14T00:00:00,52.56,47.44,1.11
2022-02-15T00:00:00,52.48,47.52,1.1
2022-02-16T00:00:00,53.18,46.82,1.14
2022-02-17T00:00:00,53.08,46.92,1.13
2022-02-18T00:00:00,52.55,47.45,1.11
2022-02-19T00:00:00,51.99,48.01,1.08
2022-02-20T00:00:00,51.46,48.54,1.06
2022-02-21T00:00:00,51.88,48.12,1.08
2022-02-22T00:00:00,51.51,48.49,1.06
2022-02-23T00:00:00,51.51,48.49,1.06
2022-02-24T00:00:00,52.0,48.0,1.08
2022-02-25T00:00:00,53.27,46.73,1.14
2022-02-26T00:00:00,52.02,47.98,1.08
2022-02-27T00:00:00,52.02,47.98,1.08
2022-02-28T00:00:00,50.46,49.54,1.02
2022-03-01T00:00:00,53.79,46.21,1.16
2022-03-02T00:00:00,52.32,47.68,1.1
2022-03-03T00:00:00,52.26,47.74,1.1
2022-03-04T00:00:00,53.46,46.54,1.15
2022-03-05T00:00:00,53.04,46.96,1.13
2022-03-06T00:00:00,51.47,48.53,1.06
2022-03-07T00:00:00,51.63,48.37,1.07
2022-03-08T00:00:00,51.7,48.3,1.07
2022-03-09T00:00:00,51.45,48.55,1.06
2022-03-10T00:00:00,53.15,46.85,1.13
2022-03-11T00:00:00,51.1,48.9,1.05
2022-03-12T00:00:00,50.84,49.16,1.03
2022-03-13T00:00:00,50.76,49.24,1.03
2022-03-14T00:00:00,50.11,49.89,1.0
2022-03-15T00:00:00,50.93,49.07,1.04
2022-03-16T00:00:00,52.12,47.88,1.09
2022-03-17T00:00:00,53.17,46.83,1.14
2022-03-18T00:00:00,53.4,46.6,1.15
2022-03-19T00:00:00,53.4,46.6,1.15
2022-03-20T00:00:00,52.97,47.03,1.13
2022-03-21T00:00:00,54.11,45.89,1.18
2022-03-22T00:00:00,52.06,47.94,1.09
2022-03-23T00:00:00,52.22,47.78,1.09
2022-03-24T00:00:00,52.28,47.72,1.1
2022-03-25T00:00:00,52.14,47.86,1.09
2022-03-26T00:00:00,52.31,47.69,1.1
2022-03-27T00:00:00,51.62,48.38,1.07
2022-03-28T00:00:00,53.48,46.52,1.15
2022-03-29T00:00:00,53.62,46.38,1.16
2022-03-30T00:00:00,53.02,46.98,1.13
2022-03-31T00:00:00,52.75,47.25,1.12
2022-04-01T00:00:00,53.07,46.93,1.13
2022-04-02T00:00:00,52.15,47.85,1.09
2022-04-03T00:00:00,52.15,47.85,1.09
2022-04-04T00:00:00,52.15,47.85,1.09
2022-04-05T00:00:00,52.32,47.68,1.1
2022-04-06T00:00:00,52.32,47.68,1.1
2022-04-07T00:00:00,52.32,47.68,1.1
2022-04-08T00:00:00,52.32,47.68,1.1
2022-04-09T00:00:00,52.32,47.68,1.1
2022-04-10T00:00:00,51.49,48.51,1.06
2022-04-11T00:00:00,51.49,48.51,1.06
2022-04-12T00:00:00,50.17,49.83,1.01
2022-04-13T00:00:00,50.67,49.33,1.03
2022-04-14T00:00:00,50.56,49.44,1.02
2022-04-15T00:00:00,49.45,50.55,0.98
2022-04-16T00:00:00,50.67,49.33,1.03
2022-04-17T00:00:00,50.17,49.83,1.01
2022-04-18T00:00:00,50.37,49.63,1.02
2022-04-19T00:00:00,51.39,48.61,1.06
2022-04-20T00:00:00,51.76,48.24,1.07
2022-04-21T00:00:00,51.17,48.83,1.05
2022-04-22T00:00:00,50.45,49.55,1.02
2022-04-23T00:00:00,49.41,50.59,0.98
2022-04-24T00:00:00,49.01,50.99,0.96
2022-04-25T00:00:00,49.51,50.49,0.98
2022-04-26T00:00:00,50.67,49.33,1.03
2022-04-27T00:00:00,49.63,50.37,0.99
2022-04-28T00:00:00,49.63,50.37,0.99
2022-04-29T00:00:00,49.63,50.37,0.99
2022-04-30T00:00:00,49.81,50.19,0.99
2022-05-01T00:00:00,49.2,50.8,0.97
2022-05-02T00:00:00,49.5,50.5,0.98
2022-05-03T00:00:00,52.14,47.86,1.09
2022-05-04T00:00:00,50.74,49.26,1.03
2022-05-05T00:00:00,53.8,46.2,1.17
2022-05-06T00:00:00,51.1,48.9,1.05
2022-05-07T00:00:00,50.21,49.79,1.01
2022-05-08T00:00:00,50.13,49.87,1.01
2022-05-09T00:00:00,51.84,48.16,1.08
2022-05-10T00:00:00,51.84,48.16,1.08
2022-05-11T00:00:00,51.84,48.16,1.08
2022-05-12T00:00:00,51.71,48.29,1.07
2022-05-13T00:00:00,52.48,47.52,1.1
2022-05-14T00:00:00,52.05,47.95,1.09
2022-05-15T00:00:00,52.93,47.07,1.12
2022-05-16T00:00:00,54.83,45.17,1.21
2022-05-17T00:00:00,53.83,46.17,1.17
2022-05-18T00:00:00,52.55,47.45,1.11
2022-05-19T00:00:00,52.97,47.03,1.13
2022-05-20T00:00:00,54.17,45.83,1.18
2022-05-21T00:00:00,54.12,45.88,1.18
2022-05-22T00:00:00,54.45,45.55,1.2
2022-05-23T00:00:00,55.25,44.75,1.24
2022-05-24T00:00:00,52.83,47.17,1.12
2022-05-25T00:00:00,52.59,47.41,1.11
2022-05-26T00:00:00,54.55,45.45,1.2
2022-05-27T00:00:00,53.01,46.99,1.13
2022-05-28T00:00:00,54.14,45.86,1.18
2022-05-29T00:00:00,54.02,45.98,1.18
2022-05-30T00:00:00,54.22,45.78,1.18
2022-05-31T00:00:00,54.78,45.22,1.21
2022-06-01T00:00:00,55.51,44.49,1.25
2022-06-02T00:00:00,54.45,45.55,1.2
2022-06-03T00:00:00,53.43,46.57,1.15
2022-06-04T00:00:00,53.7,46.3,1.16
2022-06-05T00:00:00,53.54,46.46,1.15
2022-06-06T00:00:00,53.48,46.52,1.15
2022-06-07T00:00:00,54.48,45.52,1.2
2022-06-08T00:00:00,54.88,45.12,1.22
2022-06-09T00:00:00,54.27,45.73,1.19
2022-06-10T00:00:00,52.99,47.01,1.13
2022-06-11T00:00:00,52.34,47.66,1.1
2022-06-12T00:00:00,53.26,46.74,1.14
2022-06-13T00:00:00,53.97,46.03,1.17
2022-06-14T00:00:00,55.47,44.53,1.25
2022-06-15T00:00:00,52.63,47.37,1.11
2022-06-16T00:00:00,50.94,49.06,1.04
2022-06-17T00:00:00,51.46,48.54,1.06
2022-06-18T00:00:00,50.4,49.6,1.02
2022-06-19T00:00:00,53.32,46.68,1.14
2022-06-20T00:00:00,53.04,46.96,1.13
2022-06-21T00:00:00,53.15,46.85,1.13
2022-06-22T00:00:00,53.1,46.9,1.13
2022-06-23T00:00:00,52.7,47.3,1.11
2022-06-24T00:00:00,53.51,46.49,1.15
2022-06-25T00:00:00,53.63,46.37,1.16
2022-06-26T00:00:00,52.92,47.08,1.12
2022-06-27T00:00:00,52.25,47.75,1.09
2022-06-28T00:00:00,52.11,47.89,1.09
2022-06-29T00:00:00,52.74,47.26,1.12
2022-06-30T00:00:00,53.02,46.98,1.13
2022-07-01T00:00:00,51.96,48.04,1.08
2022-07-02T00:00:00,53.13,46.87,1.13
2022-07-03T00:00:00,52.24,47.76,1.09
2022-07-04T00:00:00,52.34,47.66,1.1
2022-07-05T00:00:00,52.64,47.36,1.11
2022-07-06T00:00:00,53.63,46.37,1.16
2022-07-07T00:00:00,53.18,46.82,1.14
2022-07-08T00:00:00,52.3,47.7,1.1
2022-07-09T00:00:00,53.35,46.65,1.14
2022-07-10T00:00:00,53.63,46.37,1.16
2022-07-11T00:00:00,52.78,47.22,1.12
2022-07-12T00:00:00,52.84,47.16,1.12
2022-07-13T00:00:00,53.27,46.73,1.14
2022-07-14T00:00:00,52.45,47.55,1.1
2022-07-15T00:00:00,53.22,46.78,1.14
2022-07-16T00:00:00,52.79,47.21,1.12
2022-07-17T00:00:00,53.65,46.35,1.16
2022-07-18T00:00:00,54.07,45.93,1.18
2022-07-19T00:00:00,55.2,44.8,1.23
2022-07-20T00:00:00,54.59,45.41,1.2
2022-07-21T00:00:00,54.91,45.09,1.22
2022-07-22T00:00:00,54.92,45.08,1.22
2022-07-23T00:00:00,54.43,45.57,1.19
2022-07-24T00:00:00,53.63,46.37,1.16
2022-07-25T00:00:00,54.28,45.72,1.19
2022-07-26T00:00:00,53.78,46.22,1.16
2022-07-27T00:00:00,53.22,46.78,1.14
2022-07-28T00:00:00,53.53,46.47,1.15
2022-07-29T00:00:00,54.59,45.41,1.2
2022-07-30T00:00:00,55.28,44.72,1.24
2022-07-31T00:00:00,54.97,45.03,1.22
2022-08-01T00:00:00,54.94,45.06,1.22
2022-08-02T00:00:00,54.89,45.11,1.22
2022-08-03T00:00:00,54.45,45.55,1.2
2022-08-04T00:00:00,54.22,45.78,1.18
2022-08-05T00:00:00,54.03,45.97,1.18
2022-08-06T00:00:00,54.54,45.46,1.2
2022-08-07T00:00:00,54.35,45.65,1.19
2022-08-08T00:00:00,54.65,45.35,1.21
2022-08-09T00:00:00,55.05,44.95,1.23
2022-08-10T00:00:00,53.23,46.77,1.14
2022-08-11T00:00:00,53.74,46.26,1.16
2022-08-12T00:00:00,54.53,45.47,1.2
2022-08-13T00:00:00,53.23,46.77,1.14
2022-08-14T00:00:00,54.34,45.66,1.19
2022-08-15T00:00:00,53.49,46.51,1.15
2022-08-16T00:00:00,53.02,46.98,1.13
2022-08-17T00:00:00,53.23,46.77,1.14
2022-08-18T00:00:00,53.27,46.73,1.14
2022-08-19T00:00:00,54.14,45.86,1.18
2022-08-20T00:00:00,52.28,47.72,1.1
2022-08-21T00:00:00,52.19,47.81,1.09
2022-08-22T00:00:00,51.5,48.5,1.06
2022-08-23T00:00:00,51.56,48.44,1.06
2022-08-24T00:00:00,51.56,48.44,1.06
2022-08-25T00:00:00,51.56,48.44,1.06
2022-08-26T00:00:00,51.03,48.97,1.04
2022-08-27T00:00:00,51.84,48.16,1.08
2022-08-28T00:00:00,50.84,49.16,1.03
2022-08-29T00:00:00,50.57,49.43,1.02
2022-08-30T00:00:00,50.8,49.2,1.03
2022-08-31T00:00:00,50.11,49.89,1.0
2022-09-01T00:00:00,52.38,47.62,1.1
2022-09-02T00:00:00,51.68,48.32,1.07
2022-09-03T00:00:00,51.98,48.02,1.08
2022-09-04T00:00:00,51.39,48.61,1.06
2022-09-05T00:00:00,51.14,48.86,1.05
2022-09-06T00:00:00,50.13,49.87,1.01
2022-09-07T00:00:00,49.21,50.79,0.97
2022-09-08T00:00:00,50.36,49.64,1.02
2022-09-09T00:00:00,51.33,48.67,1.06
2022-09-10T00:00:00,53.17,46.83,1.14
2022-09-11T00:00:00,53.65,46.35,1.16
2022-09-12T00:00:00,54.78,45.22,1.21
2022-09-13T00:00:00,54.85,45.15,1.22
2022-09-14T00:00:00,54.55,45.45,1.2
2022-09-15T00:00:00,53.15,46.85,1.13
2022-09-16T00:00:00,52.93,47.07,1.12
2022-09-17T00:00:00,52.84,47.16,1.12
2022-09-18T00:00:00,53.73,46.27,1.16
2022-09-19T00:00:00,53.05,46.95,1.13
2022-09-20T00:00:00,51.89,48.11,1.08
2022-09-21T00:00:00,52.06,47.94,1.09
2022-09-22T00:00:00,51.18,48.82,1.05
2022-09-23T00:00:00,53.28,46.72,1.14
2022-09-24T00:00:00,52.71,47.29,1.12
2022-09-25T00:00:00,52.78,47.22,1.12
2022-09-26T00:00:00,52.18,47.82,1.09
2022-09-27T00:00:00,52.25,47.75,1.09
2022-09-28T00:00:00,52.99,47.01,1.13
2022-09-29T00:00:00,53.55,46.45,1.15
2022-09-30T00:00:00,54.98,45.02,1.22
2022-10-01T00:00:00,54.54,45.46,1.2
2022-10-02T00:00:00,54.12,45.88,1.18
2022-10-03T00:00:00,54.5,45.5,1.2
2022-10-04T00:00:00,54.86,45.14,1.22
2022-10-05T00:00:00,55.15,44.85,1.23
2022-10-06T00:00:00,55.93,44.07,1.27
2022-10-07T00:00:00,56.3,43.7,1.29
2022-10-08T00:00:00,55.71,44.29,1.26
2022-10-09T00:00:00,55.45,44.55,1.25
2022-10-10T00:00:00,55.51,44.49,1.25
2022-10-11T00:00:00,55.89,44.11,1.27
2022-10-12T00:00:00,55.15,44.85,1.23
2022-10-13T00:00:00,55.45,44.55,1.25
2022-10-14T00:00:00,55.01,44.99,1.22
2022-10-15T00:00:00,55.8,44.2,1.26
2022-10-16T00:00:00,55.49,44.51,1.25
2022-10-17T00:00:00,55.43,44.57,1.24
2022-10-18T00:00:00,56.02,43.98,1.27
2022-10-19T00:00:00,55.96,44.04,1.27
2022-10-20T00:00:00,55.31,44.69,1.24
2022-10-21T00:00:00,54.74,45.26,1.21
2022-10-22T00:00:00,55.12,44.88,1.23
2022-10-23T00:00:00,55.88,44.12,1.27
2022-10-24T00:00:00,56.71,43.29,1.31
2022-10-25T00:00:00,57.28,42.72,1.34
2022-10-26T00:00:00,56.83,43.17,1.32
2022-10-27T00:00:00,56.12,43.88,1.28
2022-10-28T00:00:00,55.8,44.2,1.26
2022-10-29T00:00:00,55.16,44.84,1.23
2022-10-30T00:00:00,55.02,44.98,1.22
2022-10-31T00:00:00,55.01,44.99,1.22
2022-11-01T00:00:00,54.49,45.51,1.2
2022-11-02T00:00:00,54.16,45.84,1.18
2022-11-03T00:00:00,54.1,45.9,1.18
2022-11-04T00:00:00,54.58,45.42,1.2
2022-11-05T00:00:00,54.62,45.38,1.2
2022-11-06T00:00:00,55.39,44.61,1.24
2022-11-07T00:00:00,55.34,44.66,1.24
2022-11-08T00:00:00,55.82,44.18,1.26
2022-11-09T00:00:00,55.82,44.18,1.26
2022-11-10T00:00:00,48.32,51.68,0.94
2022-11-11T00:00:00,48.43,51.57,0.94
2022-11-12T00:00:00,50.67,49.33,1.03
2022-11-13T00:00:00,51.33,48.67,1.06
2022-11-14T00:00:00,51.1,48.9,1.05
2022-11-15T00:00:00,50.64,49.36,1.03
2022-11-16T00:00:00,50.42,49.58,1.02
2022-11-17T00:00:00,49.87,50.13,1.0
2022-11-18T00:00:00,50.04,49.96,1.0
2022-11-19T00:00:00,50.11,49.89,1.0
2022-11-20T00:00:00,50.44,49.56,1.02
2022-11-21T00:00:00,50.58,49.42,1.02
2022-11-22T00:00:00,50.76,49.24,1.03
2022-11-23T00:00:00,51.2,48.8,1.05
2022-11-24T00:00:00,52.08,47.92,1.09
2022-11-25T00:00:00,52.03,47.97,1.09
2022-11-26T00:00:00,52.59,47.41,1.11
2022-11-27T00:00:00,51.93,48.07,1.08
2022-11-28T00:00:00,51.77,48.23,1.07
2022-11-29T00:00:00,51.81,48.19,1.08
2022-11-30T00:00:00,51.91,48.09,1.08
2022-12-01T00:00:00,52.75,47.25,1.12
2022-12-02T00:00:00,52.39,47.61,1.1
2022-12-03T00:00:00,52.1,47.9,1.09
2022-12-04T00:00:00,52.27,47.73,1.1
2022-12-05T00:00:00,52.21,47.79,1.09
2022-12-06T00:00:00,51.7,48.3,1.07
2022-12-07T00:00:00,51.78,48.22,1.07
2022-12-08T00:00:00,51.57,48.43,1.07
2022-12-09T00:00:00,51.42,48.58,1.06
2022-12-10T00:00:00,51.86,48.14,1.08
2022-12-11T00:00:00,51.95,48.05,1.08
2022-12-12T00:00:00,51.73,48.27,1.07
2022-12-13T00:00:00,51.5,48.5,1.06
2022-12-14T00:00:00,52.63,47.37,1.11
2022-12-15T00:00:00,52.6,47.4,1.11
2022-12-16T00:00:00,51.58,48.42,1.07
2022-12-17T00:00:00,51.01,48.99,1.04
2022-12-18T00:00:00,50.42,49.58,1.02
2022-12-19T00:00:00,51.0,49.0,1.04
2022-12-20T00:00:00,51.32,48.68,1.05
2022-12-21T00:00:00,51.12,48.88,1.05
2022-12-22T00:00:00,51.74,48.26,1.07
2022-12-23T00:00:00,51.63,48.37,1.07
2022-12-24T00:00:00,52.02,47.98,1.08
2022-12-25T00:00:00,51.8,48.2,1.08
2022-12-26T00:00:00,51.86,48.14,1.08
2022-12-27T00:00:00,51.44,48.56,1.06
2022-12-28T00:00:00,51.39,48.61,1.06
2022-12-29T00:00:00,51.26,48.74,1.05
2022-12-30T00:00:00,51.53,48.47,1.06
2022-12-31T00:00:00,51.52,48.48,1.06
2023-01-01T00:00:00,51.97,48.03,1.08
2023-01-02T00:00:00,51.12,48.88,1.05
2023-01-03T00:00:00,51.48,48.52,1.06
2023-01-04T00:00:00,51.52,48.48,1.06
2023-01-05T00:00:00,51.74,48.26,1.07
2023-01-06T00:00:00,51.79,48.21,1.07
2023-01-07T00:00:00,52.02,47.98,1.08
2023-01-08T00:00:00,52.36,47.64,1.1
2023-01-09T00:00:00,52.08,47.92,1.09
2023-01-10T00:00:00,52.1,47.9,1.09
2023-01-11T00:00:00,51.3,48.7,1.05
2023-01-12T00:00:00,51.6,48.4,1.07
2023-01-13T00:00:00,52.34,47.66,1.1
2023-01-14T00:00:00,52.37,47.63,1.1
2023-01-15T00:00:00,53.5,46.5,1.15
2023-01-16T00:00:00,53.09,46.91,1.13
2023-01-17T00:00:00,53.73,46.27,1.16
2023-01-18T00:00:00,53.45,46.55,1.15
2023-01-19T00:00:00,53.83,46.17,1.17
2023-01-20T00:00:00,52.67,47.33,1.11
2023-01-21T00:00:00,53.16,46.84,1.14
2023-01-22T00:00:00,53.62,46.38,1.16
2023-01-23T00:00:00,52.85,47.15,1.12
2023-01-24T00:00:00,52.81,47.19,1.12
2023-01-25T00:00:00,52.08,47.92,1.09
2023-01-26T00:00:00,53.25,46.75,1.14
2023-01-27T00:00:00,53.31,46.69,1.14
2023-01-28T00:00:00,53.18,46.82,1.14
2023-01-29T00:00:00,53.21,46.79,1.14
2023-01-30T00:00:00,53.24,46.76,1.14
2023-01-31T00:00:00,53.94,46.06,1.17
2023-02-01T00:00:00,53.59,46.41,1.16
2023-02-02T00:00:00,53.68,46.32,1.16
2023-02-03T00:00:00,54.08,45.92,1.18
2023-02-04T00:00:00,53.2,46.8,1.14
2023-02-05T00:00:00,53.22,46.78,1.14
2023-02-06T00:00:00,53.12,46.88,1.13
2023-02-07T00:00:00,53.01,46.99,1.13
2023-02-08T00:00:00,53.34,46.66,1.14
2023-02-09T00:00:00,53.41,46.59,1.15
2023-02-10T00:00:00,53.58,46.42,1.15
2023-02-11T00:00:00,53.06,46.94,1.13
2023-02-12T00:00:00,54.01,45.99,1.17
2023-02-13T00:00:00,53.53,46.47,1.15
2023-02-14T00:00:00,54.28,45.72,1.19
2023-02-15T00:00:00,53.53,46.47,1.15
2023-02-16T00:00:00,53.96,46.04,1.17
2023-02-17T00:00:00,56.65,43.35,1.31
2023-02-18T00:00:00,56.6,43.4,1.3
2023-02-19T00:00:00,56.02,43.98,1.27
2023-02-20T00:00:00,55.81,44.19,1.26
2023-02-21T00:00:00,55.49,44.51,1.25
2023-02-22T00:00:00,55.64,44.36,1.25
2023-02-23T00:00:00,54.84,45.16,1.21
2023-02-24T00:00:00,54.32,45.68,1.19
2023-02-25T00:00:00,53.87,46.13,1.17
2023-02-26T00:00:00,53.71,46.29,1.16
2023-02-27T00:00:00,53.76,46.24,1.16
2023-02-28T00:00:00,54.17,45.83,1.18
2023-03-01T00:00:00,53.55,46.45,1.15
2023-03-02T00:00:00,54.27,45.73,1.19
2023-03-03T00:00:00,54.0,46.0,1.17
2023-03-04T00:00:00,53.06,46.94,1.13
2023-03-05T00:00:00,52.82,47.18,1.12
2023-03-06T00:00:00,53.21,46.79,1.14
2023-03-07T00:00:00,52.97,47.03,1.13
2023-03-08T00:00:00,52.9,47.1,1.12
2023-03-09T00:00:00,51.83,48.17,1.08
2023-03-10T00:00:00,52.63,47.37,1.11
2023-03-11T00:00:00,51.88,48.12,1.08
2023-03-12T00:00:00,51.15,48.85,1.05
2023-03-13T00:00:00,52.45,47.55,1.1
2023-03-14T00:00:00,53.54,46.46,1.15
2023-03-15T00:00:00,54.92,45.08,1.22
2023-03-16T00:00:00,56.4,43.6,1.29
2023-03-17T00:00:00,56.54,43.46,1.3
2023-03-18T00:00:00,57.65,42.35,1.36
2023-03-19T00:00:00,56.88,43.12,1.32
2023-03-20T00:00:00,55.63,44.37,1.25
2023-03-21T00:00:00,56.1,43.9,1.28
2023-03-22T00:00:00,55.01,44.99,1.22
2023-03-23T00:00:00,53.69,46.31,1.16
2023-03-24T00:00:00,53.61,46.39,1.16
2023-03-25T00:00:00,54.24,45.76,1.19
2023-03-26T00:00:00,53.53,46.47,1.15
2023-03-27T00:00:00,53.1,46.9,1.13
2023-03-28T00:00:00,52.99,47.01,1.13
2023-03-29T00:00:00,53.12,46.88,1.13
2023-03-30T00:00:00,53.92,46.08,1.17
2023-03-31T00:00:00,53.45,46.55,1.15
2023-04-01T00:00:00,52.77,47.23,1.12
2023-04-02T00:00:00,53.87,46.13,1.17
2023-04-03T00:00:00,53.48,46.52,1.15
2023-04-04T00:00:00,53.11,46.89,1.13
2023-04-05T00:00:00,52.31,47.69,1.1
2023-04-06T00:00:00,52.52,47.48,1.11
2023-04-07T00:00:00,53.0,47.0,1.13
2023-04-08T00:00:00,52.23,47.77,1.09
2023-04-09T00:00:00,52.05,47.95,1.09
2023-04-10T00:00:00,52.73,47.27,1.12
2023-04-11T00:00:00,53.14,46.86,1.13
2023-04-12T00:00:00,53.77,46.23,1.16
2023-04-13T00:00:00,53.64,46.36,1.16
2023-04-14T00:00:00,52.91,47.09,1.12
2023-04-15T00:00:00,52.91,47.09,1.12
2023-04-16T00:00:00,52.58,47.42,1.11
2023-04-17T00:00:00,52.23,47.77,1.09
2023-04-18T00:00:00,52.27,47.73,1.1
2023-04-19T00:00:00,51.75,48.25,1.07
2023-04-20T00:00:00,51.67,48.33,1.07
2023-04-21T00:00:00,51.82,48.18,1.08
2023-04-22T00:00:00,53.86,46.14,1.17
2023-04-23T00:00:00,52.97,47.03,1.13
2023-04-24T00:00:00,53.52,46.48,1.15
2023-04-25T00:00:00,53.06,46.94,1.13
2023-04-26T00:00:00,52.89,47.11,1.12
2023-04-27T00:00:00,54.35,45.65,1.19
2023-04-28T00:00:00,55.33,44.67,1.24
2023-04-29T00:00:00,55.68,44.32,1.26
2023-04-30T00:00:00,55.5,44.5,1.25
2023-05-01T00:00:00,55.84,44.16,1.26
2023-05-02T00:00:00,54.21,45.79,1.18
2023-05-03T00:00:00,53.24,46.76,1.14
2023-05-04T00:00:00,54.65,45.35,1.21
2023-05-05T00:00:00,54.36,45.64,1.19
2023-05-06T00:00:00,54.66,45.34,1.21
2023-05-07T00:00:00,54.82,45.18,1.21
2023-05-08T00:00:00,54.58,45.42,1.2
2023-05-09T00:00:00,52.51,47.49,1.11
